,critical_temp,H,Li,Be,B,C,N,O,F,Na,Mg,Al,Si,P,S,Cl,K,Ca,Sc,Ti,V,Cr,Mn,Fe,Co,Ni,Cu,Zn,Ga,Ge,As,Se,Br,Rb,Sr,Y,Zr,Nb,Mo,Tc,Ru,Rh,Pd,Ag,Cd,In,Sn,Sb,Te,I,Cs,Ba,La,Ce,Pr,Nd,Sm,Eu,Gd,Tb,Dy,Ho,Er,Tm,Yb,Lu,Hf,Ta,W,Re,Os,Ir,Pt,Au,Hg,Tl,Pb,Bi
critical_temp,1.0,-0.04890801223320264,-0.051900786381781715,-0.0473904850197308,-0.11199098969363866,-0.12183345699912686,-0.06895062112546906,0.5478684228810505,-0.012892187275510269,-0.04136901457253619,-0.03500218278235894,-0.09786260201889492,-0.14303335095010244,-0.07534319704722214,-0.13759506376125957,-0.03341603878108032,-0.058558318094963396,0.3658480726237596,-0.04661338549348659,-0.11327823895849642,-0.1253018632968021,-0.042153208654159884,-0.009880495161615084,-0.12095631323331066,-0.08850262704493977,-0.13314399946272443,0.7042500841987294,-0.0336800341542897,-0.0820238970578388,-0.10786641154398087,-0.10715405114832276,-0.11727169259566225,-0.031680721481446614,-0.03312525953881757,0.22183072325976647,0.12779074616830094,-0.12789797865016872,-0.16356611868214596,-0.133593958601885,-0.03249722191296166,-0.11075404229433942,-0.12430044367115102,-0.1196856515688874,-0.04992860270296128,-0.036267356937268645,-0.11442613058523006,-0.13718950580095002,-0.09349484420996977,-0.133303681671918,-0.019470931102691273,-0.019192625236665456,0.5477161873283211,-0.14887170687540013,-0.11046549318134696,-0.04611444664625258,-0.02333466127041413,-0.007039463646941316,0.007092641753461453,0.06635734359496061,-0.011648349457025368,0.011083897333732802,-0.008595641397836359,0.018855618477152787,-0.005460561528900092,0.03383913689324842,-0.06910791094515004,-0.06423875626013227,-0.09584605498614629,-0.0722839833462838,-0.08228305819300008,-0.08111185744855273,-0.12510513179984203,-0.099739173585422,-0.0775171841356622,0.0915647698462836,0.036983418069516945,-0.06071201641402264,0.04234272342727616
H,-0.04890801223320264,1.0,0.01384378560167226,-0.00521426559230237,-0.019749008344720705,0.010052195539051331,-0.007871410677535638,-0.023396622822918763,-0.009778981036224096,0.08436019034105544,-0.012815112785666211,-0.011532394888738848,-0.011784070806710843,-0.00783039443666701,0.0026739515495432372,-0.007016609917917429,-0.005766684939418458,-0.013951938133864495,-0.00519694650051758,-0.012051957535721114,-0.008052929941562228,-0.0049431115816136045,-0.003513190088943697,0.014321339465356915,0.1334489195871708,-0.014022681323556654,-0.06883445770519757,-0.004506529768479353,-0.009409321334793207,-0.010985475748263336,0.012999161362625437,-0.008078569634527213,-0.0041254449752891244,-0.0001972579684422605,-0.036194189485481996,-0.026385608750253264,-0.010376457835694805,0.013968773612906367,-0.013420629509729935,-0.004020180737405014,-0.012004733671524053,-0.009806646945917008,0.16034923544566307,0.0006245652325915763,-0.0042280240111931084,-0.011229902827409774,-0.013948409938929252,-0.008591801171012705,-0.013449358143946523,-0.0039658575267233,-0.003221615385236095,-0.04770228116301363,-0.02017616397243025,0.020443363145163113,-0.010854956567737734,-0.014944291769282345,0.003275242409145942,-0.008969661234025277,-0.0089660207863618,-0.0040380705410084355,-0.008240562725497625,-0.008022386734688252,-0.010060112636459359,-0.007060265359781272,-0.007091961083760242,-0.009383827596745173,0.0018027983660228494,-0.0011032389348735337,-0.003706627956734839,-0.008784951701100715,-0.007895190997360546,-0.0119901198675415,-0.010052995059392993,-0.0063273331830071755,-0.011654724295526714,-0.01160823177036019,-0.011436358159187246,-0.024087203311634456
Li,-0.051900786381781715,0.01384378560167226,1.0,-0.004870672576549663,0.0319929149513788,-0.01174900280329761,0.051220763595823816,-0.05626156235276189,-0.010844587762704454,-0.00664036102377234,0.002207890495189015,-0.0053303887928458525,-0.007612683315003366,0.01120103715728321,-0.00985573204396405,0.07496842039093476,-0.011023509048176524,-0.018782646771753946,-0.004879068581958006,0.014380033863380796,-0.013872599399977112,-0.00464075980242692,-0.0038597885273005464,0.04129615649419149,-0.009320032934506107,-0.00922616822686433,-0.06937568432738019,-0.0042999237565637515,-0.009393032777601312,-0.010371094067894117,0.032693235569707525,-0.005186409610399296,0.04036272354512201,-0.003474509869415279,-0.03161313649541211,-0.02839875722809056,0.004771705386703536,-0.01669584581606335,-0.011634369136148579,-0.003774281210652434,-0.011258731060705657,-0.007114346362414399,0.11258984298742104,-0.004892632254911478,-0.003969411483208851,-0.010543011373737327,-0.01347003398485807,-0.008616636540903508,-0.012626710850517316,0.009443775923608093,-0.0018754159200039344,-0.049777321339358964,-0.027176302678698996,-0.013716165125613312,-0.01226804395896156,-0.014030204937435562,-0.010616524602992457,-0.008992734124865816,-0.012217907393188489,-0.003791076761403529,-0.007736518104936738,-0.007531687129286857,-0.009444772904745626,-0.006628415146042729,-0.006658172160290628,-0.008809853709525339,0.01414651838324421,-0.009322391774611916,-0.005854197577214529,-0.008247608828488164,-0.007412271482869877,-0.008812493504377083,0.06189131140679456,-0.007120098500076341,-0.0028436233716507033,-0.010786927679252923,-0.005312467525394106,-0.010385065580760496
Be,-0.0473904850197308,-0.00521426559230237,-0.004870672576549663,1.0,-0.004892597061068512,-0.010932260223862207,-0.006032901997474036,-0.05584567054218165,-0.007679864178462865,-0.004594134956553912,-0.002781516185988688,-0.0019770701901510182,-0.006636817185767611,-0.005788065359450499,-0.009645448310265906,-0.004562027834088497,-0.007739472687282713,-0.020003179920226304,-0.0033539911033271435,-0.006514478268891974,-0.009246448910052512,-0.003190171818362876,-0.0026533130583896326,-0.01707732377759747,-0.007321165730316302,-0.001244833263671563,-0.046696383841298025,-0.0029558727823240706,0.009817803439894792,-0.007129343777644997,-0.015047776973978398,-0.009554010587865923,-0.002715834511746386,-0.00403537867704457,-0.025351542275804443,-0.020062161652502724,0.0032611714370593035,-0.007484516589472402,-0.008139478325098792,-0.001430048400290943,-0.002834451272906355,-0.0042062898674522144,-0.0077096153369794335,-0.0033633151039321415,-0.002728670560062682,-0.00724752393941403,-0.009259630888108826,-0.0059232867530638845,-0.008679909934759474,-0.0025594742721251596,-0.002273365806433467,-0.034277661392603326,-0.018787168326102395,-0.009428827455547286,-0.008433353539187402,-0.009644706104775335,-0.007298058731613528,-0.006181825433014885,-0.008432914411319303,-0.0026060789095671715,-0.005318271809221377,-0.005177465985634755,-0.0064925679488472806,-0.004556534726974568,-0.004576990426535848,-0.00605610896157844,-0.004588758013850813,-0.0007990176512927383,0.0036165527361585762,0.003048937282231413,0.009200706197491316,-0.005793997446600998,-0.0034621209332561017,0.00480109599801701,-0.0075216940553471555,-0.007148150802083063,-0.005907929351198315,-0.01689187243174627
B,-0.11199098969363866,-0.019749008344720705,0.0319929149513788,-0.004892597061068512,1.0,0.05674199300560419,-0.016417099012798652,-0.21474494280616305,-0.026649114033746556,-0.01504701018379203,0.5608217132318334,-0.005126268262307893,-0.03348651640140895,-0.019781159707613273,-0.036136166596127534,-0.017278660660721163,-0.029313219278753102,-0.07494809463302891,0.0010747946059289748,-0.027605341374616076,-0.03562814769914619,-0.011100506605332301,0.0035038609062943344,-0.06357021193374279,-0.014493443105540734,0.21052860501221174,-0.1886630444006521,-0.008584516629739454,-0.024455861499183672,-0.026789368237583787,-0.0569933901079481,-0.03618577371737416,-0.009426987732027173,-0.01528397925964877,-0.09373259757915535,0.006111527640791519,-0.021820212459981066,-0.029148234011660733,0.002680069577355743,-0.009826783397032416,0.010806458168481251,0.09627951024791802,-0.0007850445018745797,-0.008949418131202333,-0.010334827926724716,-0.02744996552714852,-0.035015032056202676,-0.022434422919895655,-0.03287512127998211,-0.004385530847792927,-0.0086103631445492,-0.13192368111216232,-0.06153939150709085,-0.03312296600501635,-0.027716670736669727,-0.029240783889664695,-0.024453337104867783,-0.023413637050333547,-0.02290418249970989,0.012904084426915714,0.08186592878729694,0.13023376695121677,0.10217423667051746,0.0625586342506532,-0.01396492461308586,0.0864750367018432,-0.014116111052683794,-0.015865935504000468,-0.005920048922629023,-0.008590773390418544,0.0017197882769210686,0.015986867621637136,0.012686831545267415,-0.015865206235470098,-0.028488383653641557,-0.028374739018191666,-0.0288178885424266,-0.06397789366635406
C,-0.12183345699912686,0.010052195539051331,-0.01174900280329761,-0.010932260223862207,0.05674199300560419,1.0,-0.0021355279783351606,-0.1781594937892655,-0.024949203850064387,0.01709511059893593,0.017410669209724228,-0.022124633007808727,-0.02294095083688469,-0.01880340839299723,-0.026615278237864085,-0.0028408689732538927,0.055413328955943676,-0.050347902490582255,-0.0038181160772762937,-0.020309473817804936,-0.0305394225830084,-0.009578537896031218,-0.00575747988834547,-0.05391526890472901,-0.021159886528900936,0.17980864013814607,-0.15823582397467384,-0.008435787143098703,-0.019926973449019662,-0.022404782704742655,-0.048568346787849444,-0.031037652776572926,0.05032847531771976,0.08352644451166912,-0.07218036189340231,0.09813405036669667,-0.02436742677020901,-0.006548641729646347,0.07313282797250949,-0.005258734662691543,-0.02081380995318002,-0.022115723400525825,-0.020282644532657313,-0.010926239343577233,-0.00714475794963341,-0.022856729402487973,-0.028851057493816716,-0.019242695603779537,-0.0281980042003638,0.03942691019538766,0.023363856299751292,-0.11068834782217844,-0.039509473093132984,-0.030097900530406584,-0.025098251840590932,-0.029575252674583226,-0.022904302121538822,-0.020001012343047752,-0.023153201784180056,0.007673347130323708,0.02761735257423038,0.04042078341965146,0.01896798513368549,0.014257203269321466,0.0014177512561276244,0.024156907262259067,0.007317860420869461,0.027676007538876394,0.047027917708350714,-0.013977520202028419,-0.015923107753699005,-0.02307606183903166,-0.008203668667563117,-0.014499744291289696,-0.009164858938261373,-0.019222024946263565,-0.0248413797714913,-0.053408080105157976
N,-0.06895062112546906,-0.007871410677535638,0.051220763595823816,-0.006032901997474036,-0.016417099012798652,-0.0021355279783351606,1.0,-0.09832244022712913,-0.013693670617572632,0.02306384648835366,-0.011822654094977226,-0.006435396511603102,-0.016893623202230326,-0.010376547733998034,-0.0011807381641209213,0.2724555613550779,0.00967863600070615,-0.03184201420114901,-0.006012863819214244,0.03660813506470616,0.01189462325130969,-0.00533766981754772,-0.004756724033648128,-0.03061535320397815,-0.01314388629952298,-0.006066819616918365,-0.08959035056738245,-0.0035427983023609442,-0.006332736126695346,-0.012781123126064189,-0.026976885429634445,-0.017127941852680843,0.06555701904816444,0.0006621879829446453,-0.042568809642975505,-0.035956931202252844,0.04198300523242772,0.10264757910148374,0.008781227352452134,-0.004651346574424144,-0.013889469276931573,-0.014496998183043926,-0.013821404318524688,-0.0035939484038963877,-0.004891821110944465,0.016218114296541866,-0.01660019297344021,-0.01061896573696676,-0.015560898879251757,0.005046239736135714,-0.004005738891041207,-0.062340427358256366,-0.021068722689492378,-0.01673156226372253,-0.015118885175371133,-0.017145938175360798,-0.013083586672094376,-0.01108246066783581,-0.015118097929368824,-0.00467204506589734,-0.009534325869469592,-0.009281896385879196,-0.011639543967394982,-0.00816872256269314,-0.00820539449532526,-0.010857082603526648,0.07113359011491632,0.014224743661135162,-0.008643965018656805,-0.0038374700672040548,-0.009134730998115067,-0.013890774675946094,-0.0042855614437732285,-0.008774663020452692,-0.013484508649934748,-0.01319694280025044,-0.013731910284321852,-0.0295840659283317
O,0.5478684228810505,-0.023396622822918763,-0.05626156235276189,-0.05584567054218165,-0.21474494280616305,-0.1781594937892655,-0.09832244022712913,1.0,-0.0361170799752347,-0.050468323174618336,-0.13533156844008346,-0.12226752320846758,-0.16315103122104835,-0.07755322156727751,-0.1399257085579532,-0.0386987487832844,-0.016477015284081128,0.00898583128003508,-0.051244436213749855,-0.10033462821391649,-0.15964551084602532,-0.04601737609480158,-0.026412769961440794,-0.21852551525032132,-0.08637007086745035,-0.15970500865320578,0.5314336783910669,-0.03400946727766209,-0.10134379899317027,-0.1201377152064236,-0.19088177465744932,-0.16023058033149123,-0.03416541101142124,-0.023436448734514965,0.15628699400341314,0.060403516478409115,-0.14733587845344365,-0.22650791532284606,-0.15699973577431203,-0.04398441127096855,-0.10723649749119889,-0.13642783706735856,-0.1306079728041467,-0.041991052460303095,-0.033157522958259994,-0.12062101572130912,-0.1550407061914,-0.09481362354180363,-0.14649474784781183,-0.027762300415157523,-0.021349453252598054,0.340402274423068,0.07214445185444346,-0.07871531198117447,0.07792289816488883,0.10081791972494014,0.0417103819979855,0.019047282248075198,0.06111087724372974,-0.01694979174158698,-0.011962208324396418,-0.028797820023284043,-0.013108456962784723,-0.01814485891775534,0.009372213558591955,-0.0843700901922367,-0.07700200088247436,-0.107928479772637,-0.03320472385533499,-0.09058792158687097,-0.07440721149374253,-0.13027300468621028,-0.10996460542279045,-0.08248786007551936,0.012195555379530574,-0.012997337319960256,-0.08464879606379795,-0.010397544006751105
F,-0.012892187275510269,-0.009778981036224096,-0.010844587762704454,-0.007679864178462865,-0.026649114033746556,-0.024949203850064387,-0.013693670617572632,-0.0361170799752347,1.0,-0.009859285732427437,-0.016920192588091562,-0.01698556102103055,-0.021998630100564746,-0.003150203493570483,0.19865964495716626,-0.01041129282249873,-0.017362367772171663,0.061198421170478835,-0.007654355644184988,-0.017750802163891934,-0.02202511651430931,-0.007280493272497831,-0.0037638301751462527,0.06923201364105265,-0.007882188019205488,-0.020319644522356316,-0.058285268574932186,-0.004568849170016177,-0.014735930075488058,-0.016270327231818107,0.08263615468049779,-0.009375547864622665,-0.006197978045630195,-0.008171447671095277,0.0054018082567065424,-0.03719229359389396,-0.01990481480085471,-0.0317064346902998,-0.022323459897063802,-0.005921148719720442,-0.015757516307869385,-0.017575984907993735,-0.017594601730034323,0.033667011843338354,-0.0062272720049347365,-0.016540033668246544,-0.02113199044600053,-0.013425026291706192,-0.019461814861148587,-0.0058411384340179475,-0.004272257635232047,-0.04307326668462412,0.012921783738265814,0.05433788147931572,0.0018225070563803092,0.11689698982815566,0.09400552572845977,0.02346307494323658,-0.011006274364781306,-0.001271961502364057,-0.009452230789994093,-0.010223161227473259,-0.014817100759519902,-0.010398756654642865,-0.0063449650809966115,-0.013821030045628754,-0.010472295459662212,-0.014625107415204367,-0.00034793887306152564,-0.012938971880986807,-0.011628482180167016,-0.0176829099643204,-0.014806617590955758,-0.01117011684212301,-0.007005622299869467,-0.01010102764662308,-0.014806579057818047,0.08937052808210402
Na,-0.04136901457253619,0.08436019034105544,-0.00664036102377234,-0.004594134956553912,-0.01504701018379203,0.01709511059893593,0.02306384648835366,-0.050468323174618336,-0.009859285732427437,1.0,-0.008751956521054462,-0.00021713831259194313,-0.0031425740059955283,-0.007432597629059033,0.0027086088907793634,0.08453070583094728,-0.008467180835052332,-0.005859942097521995,-0.004578875617807666,-0.006377160649731809,-0.012304122527326206,-0.004355229189850156,-0.0035059219165360597,0.13729384625722962,0.03450466671744359,-0.013493228023443528,-0.057887797222191284,-0.00403536365940023,-0.008809250650998399,-0.007434480015341554,0.14639152388603305,-0.0025127547274576816,0.018259021837358964,-0.004227407904940808,-0.03257978714912997,-0.02532429083971492,-0.004708974258960898,-0.01823962941827011,-0.012450769707147907,-0.0035420621620503756,-0.010577015234103414,-0.011039656560927601,-0.010525182864724786,-0.004591604762792514,-0.003725186713857263,-0.009488878600189212,-0.012298277162234573,-0.005279772838009014,-0.011574325569342046,-0.003494199590279271,-0.0014799160474565692,-0.03878779810340348,-0.023285880704538315,-0.012872254818414475,-0.011513231760996072,-0.013166972798533374,-0.009963324932599368,-0.005730305020008487,-0.011512632262716734,-0.0035578243380742914,-0.007260515715725829,-0.007068287313025341,-0.008863667243617496,-0.006220590669526771,-0.00624851683303718,-0.008267812528020937,0.004439214627149914,-0.004819865204998313,-0.0032712540868197405,-0.007740160716254376,-0.006956218916654227,-0.010570350641145424,-0.008857396157302426,-0.006682022371840154,0.018491061262514357,-0.009992129132031383,0.010168081114681756,-0.012550363639275726
Mg,-0.03500218278235894,-0.012815112785666211,0.002207890495189015,-0.002781516185988688,0.5608217132318334,0.017410669209724228,-0.011822654094977226,-0.13533156844008346,-0.016920192588091562,-0.008751956521054462,1.0,0.034791059646403326,-0.014870186909583616,-0.014225341820268673,-0.02274705173884802,-0.009093071385302227,-0.019021320190424452,-0.047495626419874405,-0.006581123159201312,-0.01706906632015386,-0.02370618828759678,-0.0076043066269124064,0.004833938078868648,-0.03999382386187664,-0.008243741155611599,0.13258704442191757,-0.12164171105567109,0.03440096353537016,-0.015869385333805296,-0.017521804937050956,-0.03579707677354047,-0.02348091424797576,-0.006674712854414902,-0.009917759646835592,-0.05976613832653387,-0.04920975721914894,-0.02090485525244069,-0.03181144630807089,-0.023236384970879355,-0.0063765904269795035,-0.018181302047436825,-0.019874119968235758,-0.01894793971051513,-0.008266027425659371,0.028904081893154007,-0.012549287074348678,-0.022743821044148824,-0.014557675756755414,-0.021332635021050067,-0.006290425926473581,-0.005587256478752949,-0.08427227231070554,-0.0438792201063402,-0.02317325136983544,-0.02072667278889974,-0.02370381683276136,-0.01793645607544327,-0.015193086877349417,-0.020725593543308683,-0.006404966253305718,-0.013070729109129167,-0.012724670305980602,-0.015956799487926374,-0.011198606094058839,-0.010976643260251214,-0.014884113210407711,-0.010516617316391351,-0.01575003843878788,-0.012231407603730652,-0.013853165352268498,-0.012522919396265465,-0.005661824873791286,-0.012040524923841613,-0.010164022150100826,0.013945434092067553,-0.011847356943590839,-0.012423996948910058,-0.03384499208703892
Al,-0.09786260201889492,-0.011532394888738848,-0.0053303887928458525,-0.0019770701901510182,-0.005126268262307893,-0.022124633007808727,-0.006435396511603102,-0.12226752320846758,-0.01698556102103055,-0.00021713831259194313,0.034791059646403326,1.0,0.03161476710954331,-0.011806120722157918,-0.021144953921204426,-0.010089840178801419,-0.017117397202031884,0.012252360263852116,-0.005326951699840945,-0.010664365579374176,0.024389473572860868,-0.005990786444281795,-0.004763735660646304,-0.03432987105358923,-0.014981631333776354,-0.016340088507139233,-0.10503196833197868,-0.004969679283088948,-0.003546932302527884,0.014637377186309884,-0.03242140639075966,-0.020092908155549684,-0.0060066131054330105,-0.008925049866652036,-0.04857121779101876,-0.03391412988634509,-0.012107049378260619,0.1432812433571817,-0.0056356685708143775,-0.005738330990727399,-0.01671294402046294,-0.014765880967262321,0.006478759892056315,0.02834742705290975,-0.006035002602552268,-0.01545054523792998,-0.012894937563282447,-0.00830016907722807,-0.019197362925680982,-0.005660791053165544,-0.005028004757764054,-0.0722476154820523,0.01236698748728026,-0.019089695769433118,-0.015364412912693361,-0.02133120329547609,-0.016141121644894896,-0.01331652888873349,-0.018431316238938615,-0.004827469574497209,-0.011762425512064634,-0.011058147968610103,-0.014178625047117,-0.010077691069915377,0.004928222029615108,-0.013394300462425006,-0.0017642085604002635,-0.010407704023838008,-0.010592046991126616,-0.009391637888846166,0.007677848859910843,-0.017136943363133608,-0.006478737353624182,0.009882444009769408,-0.01663573604816493,-0.013372445329822041,-0.014030806342093121,-0.03735966308076346
Si,-0.14303335095010244,-0.011784070806710843,-0.007612683315003366,-0.006636817185767611,-0.03348651640140895,-0.02294095083688469,-0.016893623202230326,-0.16315103122104835,-0.021998630100564746,-0.0031425740059955283,-0.014870186909583616,0.03161476710954331,1.0,-0.016251343909355048,-0.02762895861188353,-0.013067726264229525,-0.020626034479228027,0.023133265463751575,0.07443824513843886,-0.013361392628998662,0.061746827202562984,-0.008760644643622185,0.005809787832493935,-0.01344394722000513,0.006454573902860643,-0.020887145501265553,-0.12126109671433855,-0.008466966400915784,0.019963709943444895,-0.004420391271241194,-0.04236177827117745,-0.027367039314163184,-0.007779387427949409,-0.011559163126995184,-0.04062098296431468,-0.01627593853385091,-0.017958649436223766,-0.01696646767814538,-0.015420514939097763,-0.0074319253101730424,0.014077986339556316,0.026109835105404867,0.0041427948544030474,-0.005043690553564261,-0.007816155718676469,-0.020687674087982378,-0.025674544533936864,-0.016958121201682566,-0.02486321678662917,-0.007331500460949802,-0.00651195545869666,-0.04641178035331529,-0.01394225799021277,0.07398043381974996,-0.024156966933874674,-0.026488253066120012,-0.020904965342895255,-0.013492466671832012,-0.02415570907159371,0.0026440416795977246,-0.00014722125164658877,-0.0072110085782209005,-0.007631852510268133,0.029227496205631934,-0.00467090658836351,0.1956925294348725,-0.009736641734003258,-0.009802740430438262,0.0008106212392750097,-0.01089423017179112,0.0007654236802428611,0.0889496725553373,0.07534669195662574,-0.005777206319548056,-0.021545558802625788,-0.02142469373157504,-0.022064055714670204,-0.04836704542447977
P,-0.07534319704722214,-0.00783039443666701,0.01120103715728321,-0.005788065359450499,-0.019781159707613273,-0.01880340839299723,-0.010376547733998034,-0.07755322156727751,-0.003150203493570483,-0.007432597629059033,-0.014225341820268673,-0.011806120722157918,-0.016251343909355048,1.0,-0.006410197050003511,-0.00784665482782559,-0.013311836958262342,-0.03017939463590466,0.0034533210081653005,-0.010319196511268773,-0.015652332192104098,-0.0054870724183408446,-0.004202737755769956,0.06405813184208627,-0.012285953746523776,0.014722024424196189,-0.08422231897961242,-0.0050840797735886385,-0.00025130121147864346,-0.004673715390529578,0.010190526411198598,-0.009504636965021967,-0.004671215687009488,-0.006940822092692564,-0.02625451854360877,-0.029692898328022153,0.04186868868470536,-0.01993027915341339,0.014132661263396495,-0.004462578373310288,0.09300809928777422,0.02933182892321536,0.006696582357442365,-0.005784877615294105,-0.004693293597133152,-0.012465688675558648,-0.009267232131857872,-0.010188010307651154,-0.014929382211509168,-0.004402277207517309,-0.003910172719061894,-0.0417617880749136,0.008754826858169766,-0.008864817231612226,0.0068607817823815665,-0.0033397009185827625,0.005465980808219266,0.00662847009573245,-0.014504551700396346,-0.004482436846318428,-0.009147388986905007,-0.008546173458054347,-0.011167169840599749,-0.007837206723375631,-0.007872390378442406,-0.010416463544154972,0.02575668402090485,-0.006968311657942578,0.0019345754732121813,-0.009474988841519028,0.02091616090618751,-0.007029943862500683,0.010267531088854445,-0.008418555960428599,-0.012937259288911733,-0.012885650530279602,-0.008759763476429368,-0.028811175347336196
S,-0.13759506376125957,0.0026739515495432372,-0.00985573204396405,-0.009645448310265906,-0.036136166596127534,-0.026615278237864085,-0.0011807381641209213,-0.1399257085579532,0.19865964495716626,0.0027086088907793634,-0.02274705173884802,-0.021144953921204426,-0.02762895861188353,-0.006410197050003511,1.0,-0.013075958692612317,0.002553338595303351,-0.05652102438165965,-0.0024871641525158984,-0.019105733048744696,-0.015344643862833055,-0.008490478610066856,-0.007605085547880139,-0.033941126452536684,0.037666699288877066,-0.025370419762226468,-0.11083744603254807,0.004366544395088595,-0.018294113724251798,-0.020434554135177103,-0.04313084384470523,-0.0005119094127819106,-0.0025246012937083745,0.008134638559174647,-0.06517191134321856,-0.051706007004411365,-0.02155706358709228,-0.01083305181206244,0.20486443101351218,-0.007436607287092554,-0.02220658615435448,0.006762002394356567,-0.011624254975995384,-0.002841662734215954,-0.004607735680640751,-0.02015168786465016,-0.014616880814413927,-0.015025854423598245,-0.0206941438200313,3.525284838744073e-05,0.01004565699221057,-0.09666694744683228,-0.021674690364316088,0.018061198519294764,-0.015430660027996465,0.05478537125637172,0.0032182379546510866,0.007461126716896898,-0.019275945607007215,0.002246913383868074,-0.0066293433659423175,-0.010426843397213894,-0.014860528099059111,-0.010677945764892812,0.003273813543542756,-0.010426006126691593,-0.009820208213587355,0.08495462426394244,-0.011345842857646027,-0.01625057182860049,-0.01460467544597616,-0.0011334487717220769,-0.01859622270715341,-0.014028996101576333,-0.02080053237677961,-0.02039397929495502,0.004527498348313138,0.07781156345323884
Cl,-0.03341603878108032,-0.007016609917917429,0.07496842039093476,-0.004562027834088497,-0.017278660660721163,-0.0028408689732538927,0.2724555613550779,-0.0386987487832844,-0.01041129282249873,0.08453070583094728,-0.009093071385302227,-0.010089840178801419,-0.013067726264229525,-0.00784665482782559,-0.013075958692612317,1.0,0.03396191206972151,0.11979715785346103,-0.004546875138589469,0.0027577878055624963,-0.01308345984413976,-0.004324791712878735,-0.003596993196587579,-0.022121304517391718,-0.00993929209717699,-0.013519020885395076,-0.028823243555573735,-0.003701153832987866,-0.008753504177080906,-0.009664973751679793,-0.020399685302126984,-0.00542025449610468,0.052987324887958265,0.004447299418777013,-0.023526184630374605,-0.004161726594880226,0.06559513099981203,-0.018834400481009112,-0.006737795251869253,-0.0035173076816787463,-0.010503095437099551,-0.010962503493266367,-0.010451625309631955,-0.004559515323146047,-0.003699152427282515,-0.009825185995209118,-0.01255292103664092,-0.00802996920579488,-0.011767015913786656,0.00144760437346691,-0.0030819135017787045,-0.046462055662806284,-0.02520518430638078,-0.01278229423481306,-0.011432769008901413,-0.013074952513519153,-0.009893694045224482,-0.008380460027039757,-0.011432173700347683,-0.003532959700268567,-0.0072097740049518085,-0.007018889032718233,-0.008801721555830847,-0.006177116703634057,-0.006204847699010464,-0.008210031101953133,0.06956068168471963,-0.008687672796590504,-0.0067468068421502984,-0.007686066900913082,-0.006907603850977331,-0.010504082568439665,-0.00879549429638384,-0.006635323589018745,-0.009104237295593023,-0.010156190839054008,-0.010444934220511503,-0.022217659591728712
K,-0.058558318094963396,-0.005766684939418458,-0.011023509048176524,-0.007739472687282713,-0.029313219278753102,0.055413328955943676,0.00967863600070615,-0.016477015284081128,-0.017362367772171663,-0.008467180835052332,-0.019021320190424452,-0.017117397202031884,-0.020626034479228027,-0.013311836958262342,0.002553338595303351,0.03396191206972151,1.0,-0.041735819688988346,-0.007713766164382649,-0.012138331810439653,-0.021560526683201298,0.010163758989158651,0.0075081342388291115,0.19834846240717538,-0.012062354088534786,-0.01524710806956872,-0.1101752706143251,-0.004763120843738399,-0.014850305381795352,-0.01639661200999924,0.1288115312098096,0.09828612971222707,0.005394584822855159,-0.008521305987304587,-0.046677745436987675,-0.04486366676007227,-0.013735622580844608,-0.03060541333528809,-0.015726693460599035,-0.005967106673854029,-0.017576529966203226,-0.018597869073991177,-0.017731165079071083,-0.007735210216610585,-0.006275605984491671,-0.01661937923167427,-0.02129600981008528,-0.0118784078450296,-0.01996272306692469,-0.00588647537536839,-0.005094405176895527,0.00018864745445420212,-0.04218894790214467,-0.02168514106201949,-0.018758250602354,-0.022181635348573838,-0.016784635610315613,0.0002559857015203191,-0.019394663804743025,-0.005993660297547389,-0.012231369693935172,-0.011907533653744298,-0.014932106085225461,-0.010479468287468333,-0.010526513875334298,-0.013928304207277864,0.0007988528309397503,-0.01345805071899847,-0.0020650703447036797,-0.012377591231151213,0.0019414298112647832,-0.017820158732011676,-0.014921541549856344,-0.01125681551189088,0.04426613845191317,-0.009133606518029665,-0.014550969791831177,0.09011661087697029
Ca,0.3658480726237596,-0.013951938133864495,-0.018782646771753946,-0.020003179920226304,-0.07494809463302891,-0.050347902490582255,-0.03184201420114901,0.00898583128003508,0.061198421170478835,-0.005859942097521995,-0.047495626419874405,0.012252360263852116,0.023133265463751575,-0.03017939463590466,-0.05652102438165965,0.11979715785346103,-0.041735819688988346,1.0,-0.011994374332401064,-0.04172228031222492,-0.056505205707404714,-0.016823429610617002,-0.002473170428945814,-0.003298723993454872,-0.031498561613203864,-0.05800279469102894,0.2383512237129438,-0.012764328091155953,-0.018526211982314387,-0.034647657281194295,0.06197272585410605,-0.057797687955015525,0.026922980824962046,-0.019400478255634485,0.25256524079376635,-0.09634063669113553,-0.053256013136897686,-0.08208016387706268,-0.05858357719438235,-0.015842236019668676,-0.047300190379824344,-0.03948485655826678,-0.042605785585480074,-0.015245813413718846,-0.010526691431811404,-0.04145948801249064,-0.04463471744939425,-0.034370340470366724,-0.05293382806951568,-0.0001676801750135173,-0.0014537987768437374,-0.028680762385899117,-0.09063207718538425,-0.05411754888816897,-0.03811795488441318,-0.047238604821525206,-0.03938533488129365,-0.029226001043888738,-0.03748919693199059,-0.009125587258969099,-0.027909147109638866,-0.027117911303366757,-0.02927501087671245,-0.02103976848332122,-0.01740644270129001,-0.03500032458878204,-0.027959423217675323,-0.03912997535646058,-0.03004314157657034,-0.03378816087607416,-0.031112401996450264,-0.0371113622383968,-0.01221524692686562,-0.025302968547162314,0.059033771370802825,0.05053415763225464,0.004518609606782953,0.1653827478735253
Sc,-0.04661338549348659,-0.00519694650051758,-0.004879068581958006,-0.0033539911033271435,0.0010747946059289748,-0.0038181160772762937,-0.006012863819214244,-0.051244436213749855,-0.007654355644184988,-0.004578875617807666,-0.006581123159201312,-0.005326951699840945,0.07443824513843886,0.0034533210081653005,-0.0024871641525158984,-0.004546875138589469,-0.007713766164382649,-0.011994374332401064,1.0,-0.004262640445763521,0.008326885303964134,-0.0011686924602819727,-0.0026445001255658374,-0.007202547637032018,0.019954601113119894,0.0009571620510882175,-0.049980864947349456,-0.002946054902678773,0.0006870039258178334,0.006415573243955714,-0.01125078891924106,-0.009522277109133268,-0.0027068139150109396,-0.0040219752374886335,-0.017698481361878522,-0.018426435615606775,-0.00467300011236885,-0.013795339561319309,-0.008818637092053383,0.010161998234779585,0.026301845460158704,0.016798027149812607,0.013194912970414299,-0.003352143911758719,-0.0027196073286188255,-0.00566726994148734,0.008767547096378425,-0.005859512691266123,-0.00865107976602647,-0.0025509730231860765,-0.0022658148617477917,-0.03369149788298103,-0.014209309782336,-0.005150914779935231,-0.008405342303198046,-0.009612671382466511,-0.007273818357432469,-0.006161292608177748,-0.008404904633888186,-0.0025974228641408915,0.0032288188196177604,-0.005160269123097627,-0.006471002998188737,-0.004541400276731161,-0.004561788033045939,0.004900898136255682,-0.004573516534528244,-0.006387154644395469,-0.004960234997985784,0.012115874493909997,0.010992720087458389,0.043966032001204414,-0.00646642473309609,0.014985450270017681,-0.007496710880363388,-0.007466805323574283,-0.005755243476988637,-0.016754032077638262
Ti,-0.11327823895849642,-0.012051957535721114,0.014380033863380796,-0.006514478268891974,-0.027605341374616076,-0.020309473817804936,0.03660813506470616,-0.10033462821391649,-0.017750802163891934,-0.006377160649731809,-0.01706906632015386,-0.010664365579374176,-0.013361392628998662,-0.010319196511268773,-0.019105733048744696,0.0027577878055624963,-0.012138331810439653,-0.04172228031222492,-0.004262640445763521,1.0,0.042016075605973514,0.0014720372224161851,0.05982632948851329,-0.03441916810097182,-0.001076244714520849,-0.02064756630157003,-0.11430983753970664,-0.00683203657791078,-0.014759370922219366,-0.016478360556189592,-0.031871887570503424,0.021081215895469033,0.009190264714596375,-0.0017230931779360994,-0.04662036044965652,-0.04386055686780382,0.00652322553513471,0.013592502701713135,-0.011264363042982194,0.002323376979067432,-0.01178332835292693,0.006420574298852622,-0.0023450860791196836,-0.006967318165387481,-0.006306894257056309,-0.014993248455045075,-0.0201395237113867,0.03730521426760033,-0.020062251163813962,-0.005915823560459465,-0.005254528691967705,-0.06874587764666339,-0.043270837121321064,-0.02161170570472665,-0.01941347879833843,-0.02229222627071374,-0.016746000082456705,-0.013691693947805497,-0.01907923669845798,-0.006023542874230291,-0.01229235160226212,-0.01196690101355776,-0.015006553048019684,-0.010531715745473768,-0.010578995888404212,-0.013997746517626428,-0.007864682488162609,0.006192566603047654,-0.010490274706525254,-0.006592081295586572,-0.0074949823072383865,-0.006494511360667815,-0.012058382823326741,-0.009754428950820484,-0.017161779579338298,-0.01731586435962753,-0.016212592019592326,-0.03654183927627501
V,-0.1253018632968021,-0.008052929941562228,-0.013872599399977112,-0.009246448910052512,-0.03562814769914619,-0.0305394225830084,0.01189462325130969,-0.15964551084602532,-0.02202511651430931,-0.012304122527326206,-0.02370618828759678,0.024389473572860868,0.061746827202562984,-0.015652332192104098,-0.015344643862833055,-0.01308345984413976,-0.021560526683201298,-0.056505205707404714,0.008326885303964134,0.042016075605973514,1.0,0.021238492298416078,0.03909176651375607,-0.04646481608471878,-0.018149556080331992,-0.025587380333183796,-0.14177398575484929,-0.008474630856074918,0.12674087677203932,0.015373554843925556,-0.042111336225325015,-0.027399989307991392,-0.007788753832725993,-0.010336508302852985,-0.06567020560556378,-0.0569061978704263,0.008854042862696757,-0.02126413516676445,-0.022706357943206787,0.009954297204899203,-0.001699941192130304,-0.01993068127564307,-0.019102415287784457,-0.009645666292669039,-0.007810443035886429,-0.019038588066894475,-0.012431494284959797,-0.006109152741522968,-0.024893152170955557,-0.00734032760853546,-0.005428583636850922,-0.10017076836412192,-0.053541325348214944,-0.02617645084113526,-0.02397736334248741,-0.02748345170264041,-0.020830843434655685,-0.01772888455699106,-0.02387084761245792,-0.007473985254800267,-0.015018939512833496,-0.014848477646552793,-0.017308042632307237,-0.013067706137896169,-0.013126371129323373,-0.016994681418889473,0.06378764218393894,0.002333922393591222,-0.014059119254250105,-0.007813253302702116,-0.009321083963462751,-0.015998059174020047,0.0003508610802630031,-0.0025846020118314677,-0.020564343404368756,-0.020892518836798355,-0.021355568660507345,-0.04816456601506163
Cr,-0.042153208654159884,-0.0049431115816136045,-0.00464075980242692,-0.003190171818362876,-0.011100506605332301,-0.009578537896031218,-0.00533766981754772,-0.04601737609480158,-0.007280493272497831,-0.004355229189850156,-0.0076043066269124064,-0.005990786444281795,-0.008760644643622185,-0.0054870724183408446,-0.008490478610066856,-0.004324791712878735,0.010163758989158651,-0.016823429610617002,-0.0011686924602819727,0.0014720372224161851,0.021238492298416078,1.0,-0.0025153345713603737,-0.015941841535319582,-0.006093483092539445,-0.009413502441792992,-0.04072982900313961,-0.0027650827036800056,-0.0014987504212984864,-0.006734843143088719,0.008081072772514268,-0.008938382595417039,-0.0025746047628615308,0.01316546498289335,-0.012056817848073246,-0.017749247330919274,-0.008268346646735156,-0.007277329638560237,0.012697541816884013,-0.0024596114383061505,0.03921154101881781,0.014007352532127806,-0.007308345986366648,-0.0031884148493336495,-0.0025867733066328915,-0.006870635737433871,-0.008778108417042576,-0.005614904614593487,-0.008228534309646755,-0.002426375621537969,0.027832238635188047,-0.03272316228988346,-0.01780470289751685,-0.00890024830015951,-0.00799479942351129,-0.009143158821469861,-0.006918542602197115,-0.005860356046795585,-0.007994383131318865,-0.0024705567087908754,-0.005041709231907955,-0.004908225640590656,-0.006154939224757037,-0.004319584260183627,-0.004338976215505749,-0.005741177126014689,-0.0043501318607508084,-0.006075186283546009,-0.004717961799994906,0.03047982703112584,0.027776027375633592,0.03962110581707324,-0.006150584576270888,-0.004640002886701755,-0.0013536868728075747,-0.005946366635077183,-0.006827803501045094,-0.01541625506987761
Mn,-0.009880495161615084,-0.003513190088943697,-0.0038597885273005464,-0.0026533130583896326,0.0035038609062943344,-0.00575747988834547,-0.004756724033648128,-0.026412769961440794,-0.0037638301751462527,-0.0035059219165360597,0.004833938078868648,-0.004763735660646304,0.005809787832493935,-0.004202737755769956,-0.007605085547880139,-0.003596993196587579,0.0075081342388291115,-0.002473170428945814,-0.0026445001255658374,0.05982632948851329,0.03909176651375607,-0.0025153345713603737,1.0,0.024871590661240926,-0.005282533374711239,0.0030121860469374292,-0.017395234461322993,-0.002330598294150079,0.03206515856851245,-0.0056212285406713,-0.0021618732815331643,0.030134533168871287,-0.002141336839028725,-0.0031817494708196907,-0.0073396653612620355,-0.0022264850296073416,0.0027501068610274386,0.01780406511734736,-0.007489761211462655,-0.0020456951911684276,-0.0061086870335406405,-0.005745059922499907,-0.006040543805868675,-0.0026518517612780564,-0.0021228756645055944,-0.005714409304427948,-0.0073008825282846876,-0.004631412740242293,-0.0062845468295819554,-0.0020180524710707746,-0.0017924663409530218,-0.012317246525767255,-0.010313856099003526,-0.007150027376517581,-0.006637829636245809,-0.002189996524551224,6.474788911327761e-05,-0.004874144751790935,-0.0009851909277611088,-0.002054798534423215,-0.004193264094627296,-0.00408224381857856,-0.005119153935424309,-0.0035926620812060735,-0.0036087906570981404,-0.004775021881675796,-0.0036180689721520575,-0.0050528222353109,-0.003923998569877848,-0.004470279975814406,-0.004017519437963,-0.006109261157277256,-0.0051155321099084685,-0.0038591589893018498,-0.0042169710580169,-0.005906924454821591,-0.004217025638978634,-0.004039172098111868
